TEMPERATURA_PROMEDIO;HUMEDAD_RELATIVA_PROMEDIO;PRECIPITACION
4.69;76.52;0
5.15;76.6;0.34
3.11;95.03;5.66
4.07;90.19;2.35
6.29;67.85;0
6.17;68.6;0
4.5;90.27;0.41
5.56;76.53;0.02
6.25;69.36;0
5.34;76.29;0
5.77;69.01;0.83
6.7;58.54;0
4.61;85.82;0
3.82;86.96;3.23
3.57;90.75;4.91
2.97;96.21;2.5
4.35;88.86;2.62
4.87;83.55;0.24
5.41;72.85;0
5.38;72.02;4.98
5.78;68.17;0
5.93;61.7;0
5.74;51.37;0
5.01;61.29;0
5.1;67.09;0.73
5.38;66.1;0
5.16;73.44;12.77
4.43;80.78;2.53
5.17;55.92;0
5.53;47.97;0
6.2;41.85;0
6.73;33.01;0
5.92;40.56;0
6.29;25.43;0
5.36;29.62;0
5.04;47.93;0
4.75;43.2;0
5.29;31.28;0
4.2;49.89;0
3.7;63.65;0
3.29;77.4;0
3.83;77.17;1.75
4.37;71.45;0.02
3.61;86.34;1.24
3.77;90.05;0
3.81;76.11;0.08
4.55;72.13;0
4.28;77;0
3.93;80.49;0.1
1.79;90.93;0.07
0.17;98.94;1.75
-0.03;97.08;2.98
2.56;86.36;4.74
4.33;54.47;0
4.59;42.83;0
4.68;53.92;0
4.72;59.17;0
4.28;53.06;0
3.93;69.94;0
4.97;70.64;0
4.46;71.48;0
2.58;88.66;1.5
3.99;66.61;0
4.51;48.27;0
4.1;55.09;0
5.44;46.58;0
5.18;49.13;0
4.39;61.56;0
4.64;71.18;1.33
3.94;75.2;2.35
4.08;71.5;1.56
4.63;25.02;0
4.05;30.04;0
3.78;61.13;0.65
5.58;56.65;0.15
5.47;54.07;0
5.04;35.92;0
4.89;14.96;0
4.51;20.66;0
4.2;30.87;0
3.85;38.3;0
3.67;44.47;0
3.97;42.02;0
3.94;55.81;0
3.79;59.1;0.05
4.08;59.83;0
3.98;61.82;0
5.09;50.29;0
6.33;33.27;0
5.7;32.32;0
4.82;48.11;0
5.37;47.47;0
4.81;52.79;0
4.29;61.11;0
4.4;64.18;0
3.47;69.97;0.07
3.55;69.91;0.03
3.06;60.97;0
3.71;34.03;0
3.74;52.72;0
3.72;64.22;0.02
3.85;64.74;0.03
4.36;69.69;0.19
3.9;61.62;0.03
4.26;60.51;0.05
5.11;48.48;0
4.3;46.08;0
5.1;34.68;0
3.74;53.72;0
4.17;52.87;0
3.97;54.37;0
4.21;54.71;0
5;57.53;0
5.77;56.38;0
5.94;49.72;0
4.11;55.85;0
2.63;78.7;2.16
2.65;87.8;3.3
4.58;67.49;2.21
4.42;63.6;4.57
4.9;56.69;0
3.98;68.7;0.34
4.65;63.1;1.29
4.14;64.4;0.54
3.06;74.29;0
5.17;55.92;0
5.87;50.15;0
5.44;43.52;0
4.64;58.52;0
4.36;55.01;0
4.78;36.97;0
4.51;48.11;0
5.68;31.66;0
5.75;41.36;0
5.48;46.59;0
5.34;56.11;0.03
5.4;55.88;0
5.78;56.04;0
5.51;60.46;0
5.5;62.52;0.03
5.77;65.96;0
5.91;56.84;0
5.65;45.06;0
4.25;50.85;0
3.48;66.42;0
4.68;55.89;0
5.21;58.74;0.03
4.12;78.71;2.4
4.68;71.18;0.49
2.68;94.5;1.46
2.25;96.77;4.34
4.25;75.08;0.02
3.94;73.35;0
4.43;69.68;0.1
4.65;69.43;2.69
3.62;79.17;1.1
4.52;64.07;5.59
2.66;74.24;0.68
3.42;67.97;1.46
3.8;76.67;1.97
3.84;82.32;1.67
3.87;87.33;2.82
3.57;91.9;0.44
3.5;83.92;1.11
1.49;96.86;18.97
3.02;85.88;12.44
2.62;84.15;0.41
3.67;78.75;0.66
4.15;74.28;0.03
4.29;77.16;19.18
3.77;83.07;5.71
5.17;60.65;6.41
3.52;68.24;0
3.36;82.41;0.08
4.66;74.02;1.92
3.42;90.7;1.65
5.37;70.86;0.05
5.57;68.99;1.96
4.74;80.21;1.38
5.15;79.71;0.36
5.29;77.66;0.61
5.02;71.12;0.08
5.74;69.19;1.17
4.11;89.54;0.51
4.44;80.43;1.22
2.8;93.86;7.74
2.38;91.67;1.39
3.02;86.16;14.72
3.97;88.55;11.24
2.3;98.44;-999
3.58;82.47;9.3
2.33;94.22;15.83
2.23;97.27;9.69
2.88;92.46;9.49
3.33;80.54;0.14
2.45;78.98;0
2.87;82.7;0.78
2.82;84.12;0.94
3.89;82.31;0.2
3.37;71.61;0.2
2.92;62.12;0
4.38;61.19;0
4.97;58.95;0.03
4.92;59.62;0.03
1.1;99.92;9.81
2.8;98.66;4.59
3.63;88.94;5.59
2.55;99.28;10.85
2.54;99.93;5.34
3.42;95.92;3.52
3.7;92.18;4.11
3.43;93.07;5.85
3.19;96.17;2.31
3.96;90.46;1.38
3.96;87.74;4.18
3.81;87.26;4.96
2.8;95.67;9.15
2.59;99.7;5.17
3.51;96.87;0.87
3.92;84.64;0.14
2.35;98.95;11.14
4.17;89.53;2.98
4.71;86.52;3.25
5.5;78.76;3.32
3.4;94.67;3.08
2.81;97.3;7.82
2.53;99.2;6.77
2.17;99.87;6.58
4.02;94.84;1.09
4.78;82.92;0.08
4.56;78.46;8.28
3.57;89.48;23.07
3.69;88.62;1.09
2.5;95.67;4.61
4.13;84.88;5.93
4.79;82.24;2.65
3.3;96.65;3.16
3.37;95.59;0.43
4.64;80.52;0.17
3.69;90.64;0.92
4.15;91.56;0.39
3.92;90.59;0.26
3.84;80.4;0.07
3.16;88.07;3.3
1.65;98.46;1.9
1.38;97.59;9.15
0.59;99.65;19.52
0.79;99.39;15.64
1.6;95.25;7.91
2.97;91.63;5.66
3.4;97.59;4.69
2.36;98.16;2.69
2.2;99.84;8.98
2.55;89.31;1.16
4.06;79.88;1.67
4.42;87.41;1.17
3.71;96.95;0.17
3.21;95.84;5.95
2.78;98.12;1.39
2.56;95.33;1.7
2.14;86.28;0.61
3.27;65.01;0.36
2.17;91.66;1.67
2.98;91.2;4.71
2.61;96.44;0.51
1.29;99.03;2.74
1.1;99.88;5.05
1.12;98.56;7.28
2.22;95.27;15.03
3.48;84.76;2.41
4.4;82.51;0.14
4.12;91.3;3.06
3.16;92.72;3.82
2.71;96.41;3.21
4.32;77.54;0.02
3.36;95;6.9
2.19;99.05;11.12
3.38;96.26;0.53
3.06;91.7;5.59
2.35;95.91;7.11
1.23;99.94;12.73
2.53;94.53;5.71
3.1;91.41;4.39
3.05;85.55;0.82
3.49;84.13;4.78
2.53;97;8.11
1.37;99.86;6.82
1.14;99.53;9.45
1.7;96.36;8.41
2.16;92.04;14.52
2.91;90.77;2.86
2.05;97.06;1.21
2.08;98.54;11.59
2.45;99.39;8.06
2.75;99.07;1.73
3.22;97.4;4.52
3.7;93.72;4.76
2.9;98.8;7.38
3.04;98.02;3.2
3.3;94.21;5.37
3.8;89.46;2.87
3.73;89.31;16.59
2.98;98.58;5.08
2.8;98.49;12.38
2.64;99.68;8.43
1.65;99.83;9.42
2.36;97.26;8.45
1.72;99.8;7.97
1.83;97.87;6.63
1.51;95.77;11.25
1.78;94.12;5.78
2.02;89.57;0.56
1.26;87.65;0.05
1.35;94.12;3.6
1.39;97.18;3.06
2.84;93.9;11.15
2.85;94.18;10.8
1.62;99.62;5.37
1.75;99.16;5
2.64;99.02;6.43
4.04;93.29;0.58
2.96;98.83;8.36
2.72;94.91;1.92
4.7;83.04;2.99
4.67;81.19;2.69
5.23;78.48;0.19
4.54;81.86;1.73
4.27;85.89;0.08
4.86;79.04;0.32
3.48;96.21;5.7
3.15;97.59;1.46
2.2;99.38;7.07
2.35;99.41;6.07
3.21;97.64;3.86
2.58;99.02;7.21
2.63;96.61;6.6
2.58;99.01;10.05
2.29;99.71;5.08
3.91;91.33;2.58
3.74;87.1;1.05
4.6;79.73;0.12
4.41;79.74;0.02
4.7;76.88;0.32
3.7;88.75;5.98
2.95;96.08;8.76
2.64;98.87;7.89
2.51;96.98;3.66
3.3;96.59;0.71
2.89;98.09;8.53
3.97;91.77;2.53
4.66;85.87;4.35
3.86;90.31;2.92
4.93;79.52;0.95
4.07;87.21;1.63
3.55;90.78;5.51
2.63;97.34;3.52
2.07;98.74;2.07
3.65;89.35;1.56
3.37;94.35;5.46
1.85;99.23;9.35
2.75;97.41;7.92
3.89;88.95;0.26
3.69;94.45;0.88
2.95;95.79;2.96
2.24;96.19;7.11
2.23;97.54;5.75
3.22;89.03;3.59
3.5;93.25;2.43
3.19;91.61;1.27
2.83;94.23;0.02
