4.69
5.15
3.11
4.07
6.29
6.17
4.5
5.56
6.25
5.34
5.77
6.7
4.61
3.82
3.57
2.97
4.35
4.87
5.41
5.38
5.78
5.93
5.74
5.01
5.1
5.38
5.16
4.43
5.17
5.53
6.2
6.73
5.92
6.29
5.36
5.04
4.75
5.29
4.2
3.7
3.29
3.83
4.37
3.61
3.77
3.81
4.55
4.28
3.93
1.79
0.17
-0.03
2.56
4.33
4.59
4.68
4.72
4.28
3.93
4.97
4.46
2.58
3.99
4.51
4.1
5.44
5.18
4.39
4.64
3.94
4.08
4.63
4.05
3.78
5.58
5.47
5.04
4.89
4.51
4.2
3.85
3.67
3.97
3.94
3.79
4.08
3.98
5.09
6.33
5.7
4.82
5.37
4.81
4.29
4.4
3.47
3.55
3.06
3.71
3.74
3.72
3.85
4.36
3.9
4.26
5.11
4.3
5.1
3.74
4.17
3.97
4.21
5.0
5.77
5.94
4.11
2.63
2.65
4.58
4.42
4.9
3.98
4.65
4.14
3.06
5.17
5.87
5.44
4.64
4.36
4.78
4.51
5.68
5.75
5.48
5.34
5.4
5.78
5.51
5.5
5.77
5.91
5.65
4.25
3.48
4.68
5.21
4.12
4.68
2.68
2.25
4.25
3.94
4.43
4.65
3.62
4.52
2.66
3.42
3.8
3.84
3.87
3.57
3.5
1.49
3.02
2.62
3.67
4.15
4.29
3.77
5.17
3.52
3.36
4.66
3.42
5.37
5.57
4.74
5.15
5.29
5.02
5.74
4.11
4.44
2.8
2.38
3.02
3.97
2.3
3.58
2.33
2.23
2.88
3.33
2.45
2.87
2.82
3.89
3.37
2.92
4.38
4.97
4.92
1.1
2.8
3.63
2.55
2.54
3.42
3.7
3.43
3.19
3.96
3.96
3.81
2.8
2.59
3.51
3.92
2.35
4.17
4.71
5.5
3.4
2.81
2.53
2.17
4.02
4.78
4.56
3.57
3.69
2.5
4.13
4.79
3.3
3.37
4.64
3.69
4.15
3.92
3.84
3.16
1.65
1.38
0.59
0.79
1.6
2.97
3.4
2.36
2.2
2.55
4.06
4.42
3.71
3.21
2.78
2.56
2.14
3.27
2.17
2.98
2.61
1.29
1.1
1.12
2.22
3.48
4.4
4.12
3.16
2.71
4.32
3.36
2.19
3.38
3.06
2.35
1.23
2.53
3.1
3.05
3.49
2.53
1.37
1.14
1.7
2.16
2.91
2.05
2.08
2.45
2.75
3.22
3.7
2.9
3.04
3.3
3.8
3.73
2.98
2.8
2.64
1.65
2.36
1.72
1.83
1.51
1.78
2.02
1.26
1.35
1.39
2.84
2.85
1.62
1.75
2.64
4.04
2.96
2.72
4.7
4.67
5.23
4.54
4.27
4.86
3.48
3.15
2.2
2.35
3.21
2.58
2.63
2.58
2.29
3.91
3.74
4.6
4.41
4.7
3.7
2.95
2.64
2.51
3.3
2.89
3.97
4.66
3.86
4.93
4.07
3.55
2.63
2.07
3.65
3.37
1.85
2.75
3.89
3.69
2.95
2.24
2.23
3.22
3.5
3.19
2.83